[google-cover.jpg]
filters=finetune2=1,0.000000,0.050526,0.053333,00000000,0.000000;
moddate=0000a9291bd10000
width=1500
height=813
textactive=0
