[atmos-cover.jpg]
filters=autocolor=1;finetune2=1,0.000000,0.120702,0.000000,00000000,0.000000;finetune2=1,0.000000,0.000000,0.000000,00000000,-0.087719;
moddate=0000238543d00000
width=1500
height=813
textactive=0
